20  24.5  38.5  66.5  120.5  170.5  255
20  25.5  40.5  70.5  120.5  170.5  255
20  24.5  39.5  68.5  120.5  170.5  255
20  25.5  40.5  70.5  120.5  170.5  255
20  24.5  39.5  69.5  120.5  170.5  255
20  25.5  40.5  70.5  120.5  170.5  255
20  25.5  41.5  71.5  120.5  180.5  255
20  24.5  39.5  68.5  120.5  170.5  255
20  25.5  39.5  68.5  120.5  170.5  255
20  25.5  39.5  68.5  120.5  170.5  255
20  24.5  39.5  68.5  120.5  170.5  255
20  25.5  40.5  70.5  120.5  170.5  255
20  24.5  39.5  68.5  120.5  170.5  255
20  24.5  39.5  68.5  120.5  170.5  255
20  24.5  37.5  67.5  120.5  170.5  255
20  24.5  39.5  68.5  120.5  170.5  255
20  25.5  40.5  70.5  120.5  170.5  255
20  25.5  39.5  69.5  120.5  170.5  255
